Hand,Suited,High card,Pair,Two Pair,Three of a Kind,Straight,Flush,Full House,Four of a Kind,Straight Flush
AA,Off-suited,0.0,0.3597859125148672,0.39667352602465594,0.11773773339122884,0.0121844852649663,0.019616190602050255,0.08547641073080481,0.008423795049934868,0.00010194642149181597
KK,Off-suited,0.0,0.3597859125148672,0.39667352602465594,0.11773773339122884,0.0121844852649663,0.019616190602050255,0.08547641073080481,0.008423795049934868,0.00010194642149181597
QQ,Off-suited,0.0,0.35698238592384224,0.3959599010742132,0.11749891445940078,0.015940455738262003,0.019574656874775814,0.08547641073080481,0.008423795049934868,0.0001434801487662595
JJ,Off-suited,0.0,0.3541788593328173,0.3952462761237705,0.11726009552757273,0.019696426211557705,0.019533123147501368,0.08547641073080481,0.008423795049934868,0.00018501387604070305
TT,Off-suited,0.0,0.3513753327417924,0.3945326511733278,0.11702127659574468,0.023452396684853404,0.019491589420226926,0.08547641073080481,0.008423795049934868,0.0002265476033151466
99,Off-suited,0.0,0.3518425871736299,0.3945326511733278,0.11702127659574468,0.022985142253015914,0.01949253336857407,0.08547641073080481,0.008423795049934868,0.00022560365496800014
88,Off-suited,0.0,0.3518425871736299,0.3945326511733278,0.11702127659574468,0.022985142253015914,0.01949253336857407,0.08547641073080481,0.008423795049934868,0.00022560365496800014
77,Off-suited,0.0,0.3518425871736299,0.3945326511733278,0.11702127659574468,0.022985142253015914,0.01949253336857407,0.08547641073080481,0.008423795049934868,0.00022560365496800014
66,Off-suited,0.0,0.3518425871736299,0.3945326511733278,0.11702127659574468,0.022985142253015914,0.01949253336857407,0.08547641073080481,0.008423795049934868,0.00022560365496800014
55,Off-suited,0.0,0.3513753327417924,0.3945326511733278,0.11702127659574468,0.023452396684853404,0.019491589420226926,0.08547641073080481,0.008423795049934868,0.0002265476033151466
44,Off-suited,0.0,0.3541788593328173,0.3952462761237705,0.11726009552757273,0.019696426211557705,0.019533123147501368,0.08547641073080481,0.008423795049934868,0.00018501387604070305
33,Off-suited,0.0,0.35698238592384224,0.3959599010742132,0.11749891445940078,0.015940455738262003,0.019574656874775814,0.08547641073080481,0.008423795049934868,0.0001434801487662595
22,Off-suited,0.0,0.3597859125148672,0.39667352602465594,0.11773773339122884,0.0121844852649663,0.019616190602050255,0.08547641073080481,0.008423795049934868,0.00010194642149181597
A9,Suited,0.18267524401064775,0.4367384696709396,0.2226467367705639,0.0436882893768053,0.024930147822311163,0.06567756612358172,0.022241310955464517,0.0012592270950933565,0.00014300817459268628
A8,Suited,0.18051596216655025,0.4353905114312145,0.2226467367705639,0.0436882893768053,0.028437387906133777,0.0656567992599445,0.022241310955464517,0.0012592270950933565,0.00016377503822990805
A7,Suited,0.18051596216655025,0.4353905114312145,0.2226467367705639,0.0436882893768053,0.028437387906133777,0.0656567992599445,0.022241310955464517,0.0012592270950933565,0.00016377503822990805
A6,Suited,0.18267524401064775,0.4367384696709396,0.2226467367705639,0.0436882893768053,0.024930147822311163,0.06567756612358172,0.022241310955464517,0.0012592270950933565,0.00014300817459268628
A5,Suited,0.17576554210953577,0.4286507202325889,0.2213993090298099,0.043423511865430725,0.04143980441390247,0.06520983971757066,0.022241310955464517,0.0012592270950933565,0.0006107345806037494
A4,Suited,0.17792482395363327,0.429998678472314,0.2213993090298099,0.043423511865430725,0.03793256433007986,0.06523060658120787,0.022241310955464517,0.0012592270950933565,0.0005899677169665275
A3,Suited,0.18008410579773074,0.4313466367120391,0.2213993090298099,0.043423511865430725,0.034425324246257244,0.06525137344484509,0.022241310955464517,0.0012592270950933565,0.0005692008533293058
A2,Suited,0.18224338764182824,0.43269459495176427,0.2213993090298099,0.043423511865430725,0.03091808416243463,0.06527214030848232,0.022241310955464517,0.0012592270950933565,0.000548433989692084
KA,Suited,0.18224338764182824,0.43269459495176427,0.2213993090298099,0.043423511865430725,0.03091808416243463,0.06527214030848232,0.022241310955464517,0.0012592270950933565,0.000548433989692084
KJ,Suited,0.17360626026543827,0.4232588872736884,0.22015188128905586,0.04315873435405614,0.050503124469029055,0.06478411901300761,0.022241310955464517,0.0012592270950933565,0.0010364552851667957
K9,Suited,0.17835668032245275,0.429998678472314,0.2213993090298099,0.043423511865430725,0.03750070796126036,0.06523107855538145,0.022241310955464517,0.0012592270950933565,0.0005894957427929544
K8,Suited,0.18267524401064775,0.4367384696709396,0.2226467367705639,0.0436882893768053,0.024930147822311163,0.06567756612358172,0.022241310955464517,0.0012592270950933565,0.00014300817459268628
K7,Suited,0.18051596216655025,0.4353905114312145,0.2226467367705639,0.0436882893768053,0.028437387906133777,0.0656567992599445,0.022241310955464517,0.0012592270950933565,0.00016377503822990805
K6,Suited,0.18051596216655025,0.4353905114312145,0.2226467367705639,0.0436882893768053,0.028437387906133777,0.0656567992599445,0.022241310955464517,0.0012592270950933565,0.00016377503822990805
K5,Suited,0.18008410579773074,0.4353905114312145,0.2226467367705639,0.0436882893768053,0.028869244274953274,0.06565632728577092,0.022241310955464517,0.0012592270950933565,0.00016424701240348128
K4,Suited,0.18224338764182824,0.4367384696709396,0.2226467367705639,0.0436882893768053,0.02536200419113066,0.06567709414940814,0.022241310955464517,0.0012592270950933565,0.0001434801487662595
K3,Suited,0.18440266948592574,0.4380864279106647,0.2226467367705639,0.0436882893768053,0.021854764107308047,0.06569786101304537,0.022241310955464517,0.0012592270950933565,0.00012271328512903775
K2,Suited,0.18656195133002323,0.4394343861503899,0.2226467367705639,0.0436882893768053,0.018347524023485436,0.06571862787668259,0.022241310955464517,0.0012592270950933565,0.00010194642149181597
QA,Suited,0.18008410579773074,0.4313466367120391,0.2213993090298099,0.043423511865430725,0.034425324246257244,0.06525137344484509,0.022241310955464517,0.0012592270950933565,0.0005692008533293058
QK,Suited,0.17576554210953577,0.4246068455134135,0.22015188128905586,0.04315873435405614,0.046995884385206445,0.06480488587664483,0.022241310955464517,0.0012592270950933565,0.0010156884215295739
QJ,Suited,0.1671284147331458,0.41517113783533766,0.21890445354830185,0.04289395684268157,0.06658092469180087,0.06431686458117011,0.022241310955464517,0.0012592270950933565,0.0015037097170042856
Q9,Suited,0.17187883479016028,0.42191092903396327,0.22015188128905586,0.04315873435405614,0.05357850818403217,0.06476382412354396,0.022241310955464517,0.0012592270950933565,0.0010567501746304442
Q8,Suited,0.17619739847835528,0.4286507202325889,0.2213993090298099,0.043423511865430725,0.041007948045082974,0.06521031169174422,0.022241310955464517,0.0012592270950933565,0.0006102626064301761
Q7,Suited,0.18051596216655025,0.4353905114312145,0.2226467367705639,0.0436882893768053,0.028437387906133777,0.0656567992599445,0.022241310955464517,0.0012592270950933565,0.00016377503822990805
Q6,Suited,0.17835668032245275,0.4340425531914894,0.2226467367705639,0.0436882893768053,0.03194462798995639,0.06563603239630728,0.022241310955464517,0.0012592270950933565,0.00018454190186712984
Q5,Suited,0.17792482395363327,0.4340425531914894,0.2226467367705639,0.0436882893768053,0.03237648435877589,0.0656355604221337,0.022241310955464517,0.0012592270950933565,0.00018501387604070305
Q4,Suited,0.18008410579773074,0.4353905114312145,0.2226467367705639,0.0436882893768053,0.028869244274953274,0.06565632728577092,0.022241310955464517,0.0012592270950933565,0.00016424701240348128
Q3,Suited,0.18224338764182824,0.4367384696709396,0.2226467367705639,0.0436882893768053,0.02536200419113066,0.06567709414940814,0.022241310955464517,0.0012592270950933565,0.0001434801487662595
Q2,Suited,0.18440266948592574,0.4380864279106647,0.2226467367705639,0.0436882893768053,0.021854764107308047,0.06569786101304537,0.022241310955464517,0.0012592270950933565,0.00012271328512903775
JA,Suited,0.17792482395363327,0.429998678472314,0.2213993090298099,0.043423511865430725,0.03793256433007986,0.06523060658120787,0.022241310955464517,0.0012592270950933565,0.0005899677169665275
J9,Suited,0.1654009892578678,0.41382317959561254,0.21890445354830185,0.04289395684268157,0.06965630840680398,0.06429656969170647,0.022241310955464517,0.0012592270950933565,0.001524004606467934
J8,Suited,0.16971955294606278,0.42056297079423816,0.22015188128905586,0.04315873435405614,0.057085748267854786,0.06474305725990674,0.022241310955464517,0.0012592270950933565,0.001077517038267666
J7,Suited,0.17403811663425778,0.42730276199286377,0.2213993090298099,0.043423511865430725,0.044515188128905585,0.065189544828107,0.022241310955464517,0.0012592270950933565,0.000631029470067398
J6,Suited,0.17835668032245275,0.4340425531914894,0.2226467367705639,0.0436882893768053,0.03194462798995639,0.06563603239630728,0.022241310955464517,0.0012592270950933565,0.00018454190186712984
J5,Suited,0.17576554210953577,0.43269459495176427,0.2226467367705639,0.0436882893768053,0.0358837244425985,0.06561479355849648,0.022241310955464517,0.0012592270950933565,0.0002057807396779248
J4,Suited,0.17792482395363327,0.4340425531914894,0.2226467367705639,0.0436882893768053,0.03237648435877589,0.0656355604221337,0.022241310955464517,0.0012592270950933565,0.00018501387604070305
J3,Suited,0.18008410579773074,0.4353905114312145,0.2226467367705639,0.0436882893768053,0.028869244274953274,0.06565632728577092,0.022241310955464517,0.0012592270950933565,0.00016424701240348128
J2,Suited,0.18224338764182824,0.4367384696709396,0.2226467367705639,0.0436882893768053,0.02536200419113066,0.06567709414940814,0.022241310955464517,0.0012592270950933565,0.0001434801487662595
TA,Suited,0.17576554210953577,0.4286507202325889,0.2213993090298099,0.043423511865430725,0.04143980441390247,0.06520983971757066,0.022241310955464517,0.0012592270950933565,0.0006107345806037494
TK,Suited,0.1714469784213408,0.42191092903396327,0.22015188128905586,0.04315873435405614,0.054010364552851665,0.06476335214937039,0.022241310955464517,0.0012592270950933565,0.0010572221488040175
TQ,Suited,0.1649691328890483,0.41382317959561254,0.21890445354830185,0.04289395684268157,0.07008816477562348,0.06429609771753289,0.022241310955464517,0.0012592270950933565,0.0015244765806415074
TJ,Suited,0.15849128735675583,0.40573543015726177,0.2176570258075478,0.04262917933130699,0.0861659649983953,0.06382884328569541,0.022241310955464517,0.0012592270950933565,0.001991731012478997
T9,Suited,0.15892314372557534,0.40573543015726177,0.2176570258075478,0.04262917933130699,0.08573410862957578,0.06382931525986899,0.022241310955464517,0.0012592270950933565,0.001991259038305424
T8,Suited,0.1632417074137703,0.4124752213558874,0.21890445354830185,0.04289395684268157,0.07316354849062659,0.06427580282806925,0.022241310955464517,0.0012592270950933565,0.0015447714701051559
T7,Suited,0.1675602711019653,0.41921501255451304,0.22015188128905586,0.04315873435405614,0.060592988351677396,0.06472229039626952,0.022241310955464517,0.0012592270950933565,0.0010982839019048878
T6,Suited,0.17187883479016028,0.42595480375313866,0.2213993090298099,0.043423511865430725,0.0480224282127282,0.06516877796446978,0.022241310955464517,0.0012592270950933565,0.0006517963337046197
T5,Suited,0.17576554210953577,0.43269459495176427,0.2226467367705639,0.0436882893768053,0.0358837244425985,0.06561479355849648,0.022241310955464517,0.0012592270950933565,0.0002057807396779248
T4,Suited,0.17576554210953577,0.43269459495176427,0.2226467367705639,0.0436882893768053,0.0358837244425985,0.06561479355849648,0.022241310955464517,0.0012592270950933565,0.0002057807396779248
T3,Suited,0.17792482395363327,0.4340425531914894,0.2226467367705639,0.0436882893768053,0.03237648435877589,0.0656355604221337,0.022241310955464517,0.0012592270950933565,0.00018501387604070305
T2,Suited,0.18008410579773074,0.4353905114312145,0.2226467367705639,0.0436882893768053,0.028869244274953274,0.06565632728577092,0.022241310955464517,0.0012592270950933565,0.00016424701240348128
98,Suited,0.15935500009439482,0.40573543015726177,0.2176570258075478,0.04262917933130699,0.08530225226075629,0.06382978723404255,0.022241310955464517,0.0012592270950933565,0.001990787064131851
97,Suited,0.16367356378258982,0.4124752213558874,0.21890445354830185,0.04289395684268157,0.07273169212180709,0.06427627480224282,0.022241310955464517,0.0012592270950933565,0.0015442994959315825
96,Suited,0.1679921274707848,0.41921501255451304,0.22015188128905586,0.04315873435405614,0.0601611319828579,0.0647227623704431,0.022241310955464517,0.0012592270950933565,0.0010978119277313145
95,Suited,0.17187883479016028,0.42595480375313866,0.2213993090298099,0.043423511865430725,0.0480224282127282,0.06516877796446978,0.022241310955464517,0.0012592270950933565,0.0006517963337046197
94,Suited,0.17835668032245275,0.4340425531914894,0.2226467367705639,0.0436882893768053,0.03194462798995639,0.06563603239630728,0.022241310955464517,0.0012592270950933565,0.00018454190186712984
93,Suited,0.17835668032245275,0.4340425531914894,0.2226467367705639,0.0436882893768053,0.03194462798995639,0.06563603239630728,0.022241310955464517,0.0012592270950933565,0.00018454190186712984
92,Suited,0.18051596216655025,0.4353905114312145,0.2226467367705639,0.0436882893768053,0.028437387906133777,0.0656567992599445,0.022241310955464517,0.0012592270950933565,0.00016377503822990805
87,Suited,0.15935500009439482,0.40573543015726177,0.2176570258075478,0.04262917933130699,0.08530225226075629,0.06382978723404255,0.022241310955464517,0.0012592270950933565,0.001990787064131851
86,Suited,0.16367356378258982,0.4124752213558874,0.21890445354830185,0.04289395684268157,0.07273169212180709,0.06427627480224282,0.022241310955464517,0.0012592270950933565,0.0015442994959315825
85,Suited,0.1675602711019653,0.41921501255451304,0.22015188128905586,0.04315873435405614,0.060592988351677396,0.06472229039626952,0.022241310955464517,0.0012592270950933565,0.0010982839019048878
84,Suited,0.17403811663425778,0.42730276199286377,0.2213993090298099,0.043423511865430725,0.044515188128905585,0.065189544828107,0.022241310955464517,0.0012592270950933565,0.000631029470067398
83,Suited,0.18051596216655025,0.4353905114312145,0.2226467367705639,0.0436882893768053,0.028437387906133777,0.0656567992599445,0.022241310955464517,0.0012592270950933565,0.00016377503822990805
82,Suited,0.18051596216655025,0.4353905114312145,0.2226467367705639,0.0436882893768053,0.028437387906133777,0.0656567992599445,0.022241310955464517,0.0012592270950933565,0.00016377503822990805
76,Suited,0.15935500009439482,0.40573543015726177,0.2176570258075478,0.04262917933130699,0.08530225226075629,0.06382978723404255,0.022241310955464517,0.0012592270950933565,0.001990787064131851
75,Suited,0.1632417074137703,0.4124752213558874,0.21890445354830185,0.04289395684268157,0.07316354849062659,0.06427580282806925,0.022241310955464517,0.0012592270950933565,0.0015447714701051559
74,Suited,0.16971955294606278,0.42056297079423816,0.22015188128905586,0.04315873435405614,0.057085748267854786,0.06474305725990674,0.022241310955464517,0.0012592270950933565,0.001077517038267666
73,Suited,0.17619739847835528,0.4286507202325889,0.2213993090298099,0.043423511865430725,0.041007948045082974,0.06521031169174422,0.022241310955464517,0.0012592270950933565,0.0006102626064301761
72,Suited,0.18267524401064775,0.4367384696709396,0.2226467367705639,0.0436882893768053,0.024930147822311163,0.06567756612358172,0.022241310955464517,0.0012592270950933565,0.00014300817459268628
65,Suited,0.15892314372557534,0.40573543015726177,0.2176570258075478,0.04262917933130699,0.08573410862957578,0.06382931525986899,0.022241310955464517,0.0012592270950933565,0.001991259038305424
64,Suited,0.1654009892578678,0.41382317959561254,0.21890445354830185,0.04289395684268157,0.06965630840680398,0.06429656969170647,0.022241310955464517,0.0012592270950933565,0.001524004606467934
63,Suited,0.17187883479016028,0.42191092903396327,0.22015188128905586,0.04315873435405614,0.05357850818403217,0.06476382412354396,0.022241310955464517,0.0012592270950933565,0.0010567501746304442
62,Suited,0.17835668032245275,0.429998678472314,0.2213993090298099,0.043423511865430725,0.03750070796126036,0.06523107855538145,0.022241310955464517,0.0012592270950933565,0.0005894957427929544
54,Suited,0.15849128735675583,0.40573543015726177,0.2176570258075478,0.04262917933130699,0.0861659649983953,0.06382884328569541,0.022241310955464517,0.0012592270950933565,0.001991731012478997
53,Suited,0.1649691328890483,0.41382317959561254,0.21890445354830185,0.04289395684268157,0.07008816477562348,0.06429609771753289,0.022241310955464517,0.0012592270950933565,0.0015244765806415074
52,Suited,0.1714469784213408,0.42191092903396327,0.22015188128905586,0.04315873435405614,0.054010364552851665,0.06476335214937039,0.022241310955464517,0.0012592270950933565,0.0010572221488040175
43,Suited,0.1671284147331458,0.41517113783533766,0.21890445354830185,0.04289395684268157,0.06658092469180087,0.06431686458117011,0.022241310955464517,0.0012592270950933565,0.0015037097170042856
42,Suited,0.17360626026543827,0.4232588872736884,0.22015188128905586,0.04315873435405614,0.050503124469029055,0.06478411901300761,0.022241310955464517,0.0012592270950933565,0.0010364552851667957
32,Suited,0.17576554210953577,0.4246068455134135,0.22015188128905586,0.04315873435405614,0.046995884385206445,0.06480488587664483,0.022241310955464517,0.0012592270950933565,0.0010156884215295739
A9,Off-suited,0.19764862466725822,0.45998225377107366,0.2278644112594159,0.0445449225018407,0.026741112726311616,0.019554361985312164,0.022241310955464517,0.0012592270950933565,0.00016377503822990805
A8,Off-suited,0.19531235250807075,0.4585625554569654,0.2278644112594159,0.0445449225018407,0.030497083199607318,0.019554361985312164,0.022241310955464517,0.0012592270950933565,0.00016377503822990805
A7,Off-suited,0.19531235250807075,0.4585625554569654,0.2278644112594159,0.0445449225018407,0.030497083199607318,0.019554361985312164,0.022241310955464517,0.0012592270950933565,0.00016377503822990805
A6,Off-suited,0.19764862466725822,0.45998225377107366,0.2278644112594159,0.0445449225018407,0.026741112726311616,0.019554361985312164,0.022241310955464517,0.0012592270950933565,0.00016377503822990805
A5,Off-suited,0.19017255375785838,0.4514640638864241,0.22658536124903245,0.044274953274556814,0.04428439275802828,0.01955389001113859,0.022241310955464517,0.0012592270950933565,0.00016424701240348128
A4,Off-suited,0.19250882591704582,0.4528837622005324,0.22658536124903245,0.044274953274556814,0.04052842228473258,0.019574656874775814,0.022241310955464517,0.0012592270950933565,0.0001434801487662595
A3,Off-suited,0.19484509807623326,0.45430346051464066,0.22658536124903245,0.044274953274556814,0.03677245181143688,0.019595423738413033,0.022241310955464517,0.0012592270950933565,0.00012271328512903775
A2,Off-suited,0.1971813702354207,0.45572315882874886,0.22658536124903245,0.044274953274556814,0.033016481338141175,0.019616190602050255,0.022241310955464517,0.0012592270950933565,0.00010194642149181597
KA,Off-suited,0.1971813702354207,0.45572315882874886,0.22658536124903245,0.044274953274556814,0.033016481338141175,0.019616190602050255,0.022241310955464517,0.0012592270950933565,0.00010194642149181597
KJ,Off-suited,0.1878362815986709,0.4457852706299911,0.22530631123864903,0.04400498404727293,0.05384847741131605,0.019574656874775814,0.022241310955464517,0.0012592270950933565,0.0001434801487662595
K9,Off-suited,0.1929760803488833,0.4528837622005324,0.22658536124903245,0.044274953274556814,0.04006116785289509,0.019554361985312164,0.022241310955464517,0.0012592270950933565,0.00016377503822990805
K8,Off-suited,0.19764862466725822,0.45998225377107366,0.2278644112594159,0.0445449225018407,0.026741112726311616,0.019554361985312164,0.022241310955464517,0.0012592270950933565,0.00016377503822990805
K7,Off-suited,0.19531235250807075,0.4585625554569654,0.2278644112594159,0.0445449225018407,0.030497083199607318,0.019554361985312164,0.022241310955464517,0.0012592270950933565,0.00016377503822990805
K6,Off-suited,0.19531235250807075,0.4585625554569654,0.2278644112594159,0.0445449225018407,0.030497083199607318,0.019554361985312164,0.022241310955464517,0.0012592270950933565,0.00016377503822990805
K5,Off-suited,0.19484509807623326,0.4585625554569654,0.2278644112594159,0.0445449225018407,0.030964337631444808,0.01955389001113859,0.022241310955464517,0.0012592270950933565,0.00016424701240348128
K4,Off-suited,0.1971813702354207,0.45998225377107366,0.2278644112594159,0.0445449225018407,0.027208367158149106,0.019574656874775814,0.022241310955464517,0.0012592270950933565,0.0001434801487662595
K3,Off-suited,0.19951764239460817,0.4614019520851819,0.2278644112594159,0.0445449225018407,0.023452396684853404,0.019595423738413033,0.022241310955464517,0.0012592270950933565,0.00012271328512903775
K2,Off-suited,0.20185391455379562,0.46282165039929013,0.2278644112594159,0.0445449225018407,0.019696426211557705,0.019616190602050255,0.022241310955464517,0.0012592270950933565,0.00010194642149181597
QA,Off-suited,0.19484509807623326,0.45430346051464066,0.22658536124903245,0.044274953274556814,0.03677245181143688,0.019595423738413033,0.022241310955464517,0.0012592270950933565,0.00012271328512903775
QK,Off-suited,0.19017255375785838,0.4472049689440994,0.22530631123864903,0.04400498404727293,0.05009250693802035,0.019595423738413033,0.022241310955464517,0.0012592270950933565,0.00012271328512903775
QJ,Off-suited,0.18082746512110856,0.4372670807453416,0.22402726122826558,0.04373501481998905,0.07092450301119523,0.01955389001113859,0.022241310955464517,0.0012592270950933565,0.00016424701240348128
Q9,Off-suited,0.18596726387132095,0.44436557231588286,0.22530631123864903,0.04400498404727293,0.057137193452774265,0.019533595121674942,0.022241310955464517,0.0012592270950933565,0.00018454190186712984
Q8,Off-suited,0.19063980818969586,0.4514640638864241,0.22658536124903245,0.044274953274556814,0.04381713832619079,0.019533595121674942,0.022241310955464517,0.0012592270950933565,0.00018454190186712984
Q7,Off-suited,0.19531235250807075,0.4585625554569654,0.2278644112594159,0.0445449225018407,0.030497083199607318,0.019533595121674942,0.022241310955464517,0.0012592270950933565,0.00018454190186712984
Q6,Off-suited,0.1929760803488833,0.45714285714285713,0.2278644112594159,0.0445449225018407,0.03425305367290302,0.019533595121674942,0.022241310955464517,0.0012592270950933565,0.00018454190186712984
Q5,Off-suited,0.19250882591704582,0.45714285714285713,0.2278644112594159,0.0445449225018407,0.034720308104740506,0.019533123147501368,0.022241310955464517,0.0012592270950933565,0.00018501387604070305
Q4,Off-suited,0.19484509807623326,0.4585625554569654,0.2278644112594159,0.0445449225018407,0.030964337631444808,0.01955389001113859,0.022241310955464517,0.0012592270950933565,0.00016424701240348128
Q3,Off-suited,0.1971813702354207,0.45998225377107366,0.2278644112594159,0.0445449225018407,0.027208367158149106,0.019574656874775814,0.022241310955464517,0.0012592270950933565,0.0001434801487662595
Q2,Off-suited,0.19951764239460817,0.4614019520851819,0.2278644112594159,0.0445449225018407,0.023452396684853404,0.019595423738413033,0.022241310955464517,0.0012592270950933565,0.00012271328512903775
JA,Off-suited,0.19250882591704582,0.4528837622005324,0.22658536124903245,0.044274953274556814,0.04052842228473258,0.019574656874775814,0.022241310955464517,0.0012592270950933565,0.0001434801487662595
J9,Off-suited,0.1789584473937586,0.4358473824312334,0.22402726122826558,0.04373501481998905,0.07421321905265343,0.01951282825803772,0.022241310955464517,0.0012592270950933565,0.0002053087655043516
J8,Off-suited,0.1836309917121335,0.4429458740017746,0.22530631123864903,0.04400498404727293,0.060893163926069964,0.01951282825803772,0.022241310955464517,0.0012592270950933565,0.0002053087655043516
J7,Off-suited,0.18830353603050842,0.45004436557231586,0.22658536124903245,0.044274953274556814,0.047573108799486494,0.01951282825803772,0.022241310955464517,0.0012592270950933565,0.0002053087655043516
J6,Off-suited,0.1929760803488833,0.45714285714285713,0.2278644112594159,0.0445449225018407,0.03425305367290302,0.01951282825803772,0.022241310955464517,0.0012592270950933565,0.0002053087655043516
J5,Off-suited,0.19017255375785838,0.45572315882874886,0.2278644112594159,0.0445449225018407,0.03847627857803621,0.019512356283864146,0.022241310955464517,0.0012592270950933565,0.0002057807396779248
J4,Off-suited,0.19250882591704582,0.45714285714285713,0.2278644112594159,0.0445449225018407,0.034720308104740506,0.019533123147501368,0.022241310955464517,0.0012592270950933565,0.00018501387604070305
J3,Off-suited,0.19484509807623326,0.4585625554569654,0.2278644112594159,0.0445449225018407,0.030964337631444808,0.01955389001113859,0.022241310955464517,0.0012592270950933565,0.00016424701240348128
J2,Off-suited,0.1971813702354207,0.45998225377107366,0.2278644112594159,0.0445449225018407,0.027208367158149106,0.019574656874775814,0.022241310955464517,0.0012592270950933565,0.0001434801487662595
TA,Off-suited,0.19017255375785838,0.4514640638864241,0.22658536124903245,0.044274953274556814,0.04428439275802828,0.01955389001113859,0.022241310955464517,0.0012592270950933565,0.00016424701240348128
TK,Off-suited,0.18550000943948347,0.44436557231588286,0.22530631123864903,0.04400498404727293,0.057604447884611755,0.01955389001113859,0.022241310955464517,0.0012592270950933565,0.00016424701240348128
TQ,Off-suited,0.17849119296192112,0.4358473824312334,0.22402726122826558,0.04373501481998905,0.07468047348449093,0.019533123147501368,0.022241310955464517,0.0012592270950933565,0.00018501387604070305
TJ,Off-suited,0.17148237648435877,0.42732919254658386,0.22274821121788216,0.04346504559270517,0.0917564990843701,0.019512356283864146,0.022241310955464517,0.0012592270950933565,0.0002057807396779248
T9,Off-suited,0.17194963091619628,0.42732919254658386,0.22274821121788216,0.04346504559270517,0.09128924465253262,0.0194920613944005,0.022241310955464517,0.0012592270950933565,0.00022607562914157337
T8,Off-suited,0.17662217523457116,0.4344276841171251,0.22402726122826558,0.04373501481998905,0.07796918952594914,0.0194920613944005,0.022241310955464517,0.0012592270950933565,0.00022607562914157337
T7,Off-suited,0.18129471955294607,0.4415261756876664,0.22530631123864903,0.04400498404727293,0.06464913439936566,0.0194920613944005,0.022241310955464517,0.0012592270950933565,0.00022607562914157337
T6,Off-suited,0.18596726387132095,0.44862466725820765,0.22658536124903245,0.044274953274556814,0.05132907927278219,0.0194920613944005,0.022241310955464517,0.0012592270950933565,0.00022607562914157337
T5,Off-suited,0.19017255375785838,0.45572315882874886,0.2278644112594159,0.0445449225018407,0.03847627857803621,0.019491589420226926,0.022241310955464517,0.0012592270950933565,0.0002265476033151466
T4,Off-suited,0.19017255375785838,0.45572315882874886,0.2278644112594159,0.0445449225018407,0.03847627857803621,0.019512356283864146,0.022241310955464517,0.0012592270950933565,0.0002057807396779248
T3,Off-suited,0.19250882591704582,0.45714285714285713,0.2278644112594159,0.0445449225018407,0.034720308104740506,0.019533123147501368,0.022241310955464517,0.0012592270950933565,0.00018501387604070305
T2,Off-suited,0.19484509807623326,0.4585625554569654,0.2278644112594159,0.0445449225018407,0.030964337631444808,0.01955389001113859,0.022241310955464517,0.0012592270950933565,0.00016424701240348128
98,Off-suited,0.17241688534803376,0.42732919254658386,0.22274821121788216,0.04346504559270517,0.09082199022069512,0.01949253336857407,0.022241310955464517,0.0012592270950933565,0.00022560365496800014
97,Off-suited,0.17708942966640864,0.4344276841171251,0.22402726122826558,0.04373501481998905,0.07750193509411166,0.01949253336857407,0.022241310955464517,0.0012592270950933565,0.00022560365496800014
96,Off-suited,0.18176197398478355,0.4415261756876664,0.22530631123864903,0.04400498404727293,0.06418187996752818,0.01949253336857407,0.022241310955464517,0.0012592270950933565,0.00022560365496800014
95,Off-suited,0.18596726387132095,0.44862466725820765,0.22658536124903245,0.044274953274556814,0.05132907927278219,0.0194920613944005,0.022241310955464517,0.0012592270950933565,0.00022607562914157337
94,Off-suited,0.1929760803488833,0.45714285714285713,0.2278644112594159,0.0445449225018407,0.03425305367290302,0.01951282825803772,0.022241310955464517,0.0012592270950933565,0.0002053087655043516
93,Off-suited,0.1929760803488833,0.45714285714285713,0.2278644112594159,0.0445449225018407,0.03425305367290302,0.019533595121674942,0.022241310955464517,0.0012592270950933565,0.00018454190186712984
92,Off-suited,0.19531235250807075,0.4585625554569654,0.2278644112594159,0.0445449225018407,0.030497083199607318,0.019554361985312164,0.022241310955464517,0.0012592270950933565,0.00016377503822990805
87,Off-suited,0.17241688534803376,0.42732919254658386,0.22274821121788216,0.04346504559270517,0.09082199022069512,0.01949253336857407,0.022241310955464517,0.0012592270950933565,0.00022560365496800014
86,Off-suited,0.17708942966640864,0.4344276841171251,0.22402726122826558,0.04373501481998905,0.07750193509411166,0.01949253336857407,0.022241310955464517,0.0012592270950933565,0.00022560365496800014
85,Off-suited,0.18129471955294607,0.4415261756876664,0.22530631123864903,0.04400498404727293,0.06464913439936566,0.0194920613944005,0.022241310955464517,0.0012592270950933565,0.00022607562914157337
84,Off-suited,0.18830353603050842,0.45004436557231586,0.22658536124903245,0.044274953274556814,0.047573108799486494,0.01951282825803772,0.022241310955464517,0.0012592270950933565,0.0002053087655043516
83,Off-suited,0.19531235250807075,0.4585625554569654,0.2278644112594159,0.0445449225018407,0.030497083199607318,0.019533595121674942,0.022241310955464517,0.0012592270950933565,0.00018454190186712984
82,Off-suited,0.19531235250807075,0.4585625554569654,0.2278644112594159,0.0445449225018407,0.030497083199607318,0.019554361985312164,0.022241310955464517,0.0012592270950933565,0.00016377503822990805
76,Off-suited,0.17241688534803376,0.42732919254658386,0.22274821121788216,0.04346504559270517,0.09082199022069512,0.01949253336857407,0.022241310955464517,0.0012592270950933565,0.00022560365496800014
75,Off-suited,0.17662217523457116,0.4344276841171251,0.22402726122826558,0.04373501481998905,0.07796918952594914,0.0194920613944005,0.022241310955464517,0.0012592270950933565,0.00022607562914157337
74,Off-suited,0.1836309917121335,0.4429458740017746,0.22530631123864903,0.04400498404727293,0.060893163926069964,0.01951282825803772,0.022241310955464517,0.0012592270950933565,0.0002053087655043516
73,Off-suited,0.19063980818969586,0.4514640638864241,0.22658536124903245,0.044274953274556814,0.04381713832619079,0.019533595121674942,0.022241310955464517,0.0012592270950933565,0.00018454190186712984
72,Off-suited,0.19764862466725822,0.45998225377107366,0.2278644112594159,0.0445449225018407,0.026741112726311616,0.019554361985312164,0.022241310955464517,0.0012592270950933565,0.00016377503822990805
65,Off-suited,0.17194963091619628,0.42732919254658386,0.22274821121788216,0.04346504559270517,0.09128924465253262,0.0194920613944005,0.022241310955464517,0.0012592270950933565,0.00022607562914157337
64,Off-suited,0.1789584473937586,0.4358473824312334,0.22402726122826558,0.04373501481998905,0.07421321905265343,0.01951282825803772,0.022241310955464517,0.0012592270950933565,0.0002053087655043516
63,Off-suited,0.18596726387132095,0.44436557231588286,0.22530631123864903,0.04400498404727293,0.057137193452774265,0.019533595121674942,0.022241310955464517,0.0012592270950933565,0.00018454190186712984
62,Off-suited,0.1929760803488833,0.4528837622005324,0.22658536124903245,0.044274953274556814,0.04006116785289509,0.019554361985312164,0.022241310955464517,0.0012592270950933565,0.00016377503822990805
54,Off-suited,0.17148237648435877,0.42732919254658386,0.22274821121788216,0.04346504559270517,0.0917564990843701,0.019512356283864146,0.022241310955464517,0.0012592270950933565,0.0002057807396779248
53,Off-suited,0.17849119296192112,0.4358473824312334,0.22402726122826558,0.04373501481998905,0.07468047348449093,0.019533123147501368,0.022241310955464517,0.0012592270950933565,0.00018501387604070305
52,Off-suited,0.18550000943948347,0.44436557231588286,0.22530631123864903,0.04400498404727293,0.057604447884611755,0.01955389001113859,0.022241310955464517,0.0012592270950933565,0.00016424701240348128
43,Off-suited,0.18082746512110856,0.4372670807453416,0.22402726122826558,0.04373501481998905,0.07092450301119523,0.01955389001113859,0.022241310955464517,0.0012592270950933565,0.00016424701240348128
42,Off-suited,0.1878362815986709,0.4457852706299911,0.22530631123864903,0.04400498404727293,0.05384847741131605,0.019574656874775814,0.022241310955464517,0.0012592270950933565,0.0001434801487662595
32,Off-suited,0.19017255375785838,0.4472049689440994,0.22530631123864903,0.04400498404727293,0.05009250693802035,0.019595423738413033,0.022241310955464517,0.0012592270950933565,0.00012271328512903775
